4294967278,19
4294967278,18
4294967278,17
4294967278,16
4294967278,15
4294967278,14
4294967278,13
4294967278,36
4294967278,35
4294967278,34
4294967278,33
4294967278,32
4294967278,31
4294967278,30
4294967278,29
4294967278,28
4294967278,27
4294967278,26
4294967278,25
4294967278,24
4294967278,23
4294967278,22
4294967278,21
4294967278,20
4294967279,22
4294967279,20
4294967279,19
4294967279,17
4294967279,15
4294967279,14
4294967279,13
4294967278,512
4294967279,281
4294967278,319
4294967279,328
4294967278,318
4294967294,967
4294967294,963
4294967294,921
4294967294,913
4294967294,905
4294967294,422
4294967294,170
4294967294,162
4294967279,327
4294967278,317
4294967279,326
4294967278,256
4294967279,325
4294967278,316
4294967279,324
4294967279,323
4294967278,315
4294967294,388
4294967278,314
4294967279,322
16,4
4294967278,254
16,3
16,2
16,1
4294967278,313
4294967294,974
4294967278,253
4294967294,968
4294967294,475
4294967278,248
4294967278,251
4294967278,249
15,6
4294967278,246
4294967278,247
4294967278,244
15,5
4294967278,240
15,4
4294967278,238
15,3
15,2
15,1
4294967278,312
4294967278,237
4294967294,161
4294967294,918
4294967278,232
4294967279,321
4294967278,235
4294967278,233
14,5
4294967278,230
4294967278,228
14,4
14,3
14,2
14,1
4294967278,226
4294967278,225
4294967294,908
4294967294,430
4294967294,186
4294967278,222
4294967278,221
4294967294,42
4294967294,392
4294967294,390
4294967294,389
4294967294,120
4294967294,114
4294967294,474
4294967294,954
4294967294,45
4294967294,44
4294967294,426
4294967294,43
4294967278,219
4294967278,215
4294967278,213
4294967278,212
4294967278,210
13,4
4294967278,211
13,3
13,2
13,1
4294967278,311
4294967294,53
4294967294,417
4294967278,209
4294967278,208
4294967279,320
4294967278,207
4294967278,206
4294967294,90
4294967294,88
4294967294,86
4294967278,205
4294967278,310
4294967279,319
4294967279,318
4294967278,204
11,5
4294967294,83
4294967294,84
4294967278,202
4294967294,89
11,4
4294967278,201
11,3
11,2
11,1
4294967278,309
4294967294,92
4294967278,200
4294967294,99
4294967278,199
4294967294,107
4294967278,198
4294967278,197
10,4
10,3
10,2
10,1
4294967279,317
4294967278,196
4294967278,308
4294967294,469
4294967294,5
4294967294,955
4294967294,409
4294967294,128
4294967294,421
4294967294,407
4294967294,385
4294967294,924
4294967294,406
4294967294,415
4294967294,151
4294967294,952
4294967294,956
4294967294,167
4294967294,398
4294967294,1
4294967294,164
4294967294,454
4294967294,456
4294967279,316
4294967278,307
4294967279,315
4294967278,306
4294967279,314
4294967278,305
4294967279,313
4294967278,304
4294967294,440
4294967294,46
4294967294,115
4294967294,2
4294967279,312
4294967278,303
4294967278,260
4294967294,91
4294967294,87
4294967294,85
4294967294,150
4294967294,957
4294967294,29
4294967294,419
4294967294,28
4294967294,393
4294967279,311
4294967279,310
4294967278,302
4294967294,971
4294967278,188
4294967279,309
4294967278,301
4294967278,300
4294967279,308
4294967294,173
4294967278,185
4294967279,307
4294967278,299
4294967294,185
4294967294,176
4294967279,306
4294967279,260
4294967294,0
4294967278,182
4294967278,181
9,5
9,4
4294967278,180
9,3
9,2
9,1
0,7
4294967294,96
4294967294,94
4294967278,178
4294967278,298
4294967279,305
4294967278,297
4294967294,9
4294967294,8
4294967278,177
4294967278,176
4294967278,175
4294967278,173
4294967278,172
4294967278,171
4294967279,304
4294967278,296
4294967279,303
4294967278,295
4294967278,168
4294967294,50
4294967294,180
4294967294,183
4294967294,471
4294967294,27
4294967294,168
4294967294,93
4294967294,95
4294967294,106
4294967294,166
4294967294,24
4294967294,30
4294967294,947
4294967294,946
4294967294,944
4294967294,943
4294967294,938
4294967294,927
4294967294,902
4294967294,900
4294967294,899
4294967294,898
4294967294,897
4294967294,60
4294967294,22
4294967294,17
4294967294,76
4294967294,41
4294967294,51
4294967294,52
4294967294,25
4294967294,26
4294967294,14
4294967294,18
4294967278,166
4294967278,165
4294967278,164
4294967294,10
4294967294,966
4294967294,965
4294967294,964
4294967294,962
4294967294,961
4294967294,960
4294967294,923
4294967294,922
4294967294,920
4294967294,919
4294967294,916
4294967294,915
4294967294,914
4294967294,912
4294967294,910
4294967294,909
4294967294,907
4294967294,906
4294967294,401
4294967294,190
4294967294,182
4294967294,163
4294967294,12
4294967294,67
4294967294,81
4294967294,82
4294967294,68
4294967294,11
4294967278,132
4294967278,131
4294967278,130
4294967278,129
4294967278,128
4294967278,127
4294967278,126
4294967278,125
4294967278,124
4294967278,123
4294967278,122
4294967278,121
4294967278,120
4294967278,119
4294967278,118
4294967278,117
4294967278,116
4294967278,115
4294967278,114
4294967278,113
